%YAML:1.0
---
markers:
   markers_0: !!opencv-matrix
      rows: 4
      cols: 4
      dt: d
      data: [ 1., 0., 0., 1., 0., 6.1230317691118863e-17, 1., 0., 0.,
          -1., 6.1230317691118863e-17, 0., 0., 0., 0., 1. ]
   markers_1: !!opencv-matrix
      rows: 4
      cols: 4
      dt: d
      data: [ 6.1230317691118863e-17, 6.1230317691118863e-17, 1., 0.,
          -1., 3.7491518045553436e-33, 6.1230317691118863e-17, 1., 0.,
          -1., 6.1230317691118863e-17, 0., 0., 0., 0., 1. ]
   markers_2: !!opencv-matrix
      rows: 4
      cols: 4
      dt: d
      data: [ -1., -7.4983036091106872e-33, -1.2246063538223773e-16, 1.,
          1.2246063538223773e-16, -6.1230317691118863e-17, -1., 2., 0.,
          -1., 6.1230317691118863e-17, 0., 0., 0., 0., 1. ]
   markers_3: !!opencv-matrix
      rows: 4
      cols: 4
      dt: d
      data: [ 6.1230317691118863e-17, -6.1230317691118863e-17, -1., 2.,
          1., 3.7491518045553436e-33, 6.1230317691118863e-17, 1., 0.,
          -1., 6.1230317691118863e-17, 0., 0., 0., 0., 1. ]
