%YAML:1.0
---
K: !!opencv-matrix
   rows: 3
   cols: 3
   dt: d
   data: [ 9.7135220497224020e+02, 0., 6.4672249200823774e+02, 0.,
       9.7001993978791074e+02, 3.5774170661497186e+02, 0., 0., 1. ]
D: !!opencv-matrix
   rows: 1
   cols: 5
   dt: d
   data: [ -3.6721326921445439e-02, 6.0501514643400323e-01,
       2.7156799005218536e-03, 4.0208404882518750e-03,
       -1.8414740894267736e+00 ]
